[
    {
        "epoch": 1,
        "training/loss": 1.8131175191815885,
        "training/accuracy": 0.32720594629155997,
        "elapsed_time": 9.470762968063354,
        "iteration": 782
    },
    {
        "epoch": 2,
        "training/loss": 1.5008646547314568,
        "training/accuracy": 0.44579195652173936,
        "elapsed_time": 19.081766366958618,
        "iteration": 1564
    }
]